You are writing notes for a sports show based on the current week in the Curry Up football league. I have a table containing the names and statistics for football players for the category of receiving for the current week in a league.
Please analyze the dataframe and provide the following information in bullet points:
    Interesting points or trends observed in the defensive statistics.
    Top performers in the defensive category.
Include the statistics in your response.
Here is the dataframe:
     recCatchPct  recCatches  recDrops  recLongest  recPts  recTDs  recToPct  recYacPerCatch  recYds  recYdsAfterCatch  recYdsPerCatch  recYdsPerGame            playerName
     84.6154        11.0       2.0        23.0     0.0     2.0       0.0        8.454550   116.0              93.0        10.54550      37.571400          Jahmyr Gibbs
    100.0000         1.0       0.0        17.0     0.0     1.0       0.0        0.000000    17.0               0.0        17.00000      46.857100        George Pickens
     50.0000         1.0       1.0         5.0     0.0     0.0       0.0        3.000000     5.0               3.0         5.00000      14.571400            Tre Tucker
     85.7143         6.0       1.0        28.0     0.0     1.0       0.0        2.333330    87.0              14.0        14.50000      59.000000          Keenan Allen
    100.0000         1.0       0.0        15.0     0.0     0.0       0.0        8.000000    15.0               8.0        15.00000      46.714300         Jake Ferguson
     90.9091        10.0       1.0        25.0     0.0     1.0       0.0        2.800000   134.0              28.0        13.40000      32.142900             Zay Jones
    100.0000         1.0       0.0         9.0     0.0     0.0       0.0        1.000000     9.0               1.0         9.00000       7.571430     Ja'Tavion Sanders
    100.0000         4.0       0.0        48.0     0.0     1.0       0.0       12.750000    65.0              51.0        16.25000     101.143000         DeVonta Smith
    100.0000         5.0       0.0        16.0     0.0     1.0       0.0        5.200000    54.0              26.0        10.80000      16.857100         Jaylen Warren
    100.0000         1.0       0.0        20.0     0.0     0.0       0.0        9.000000    20.0               9.0        20.00000      24.500000            Gabe Davis
    100.0000         2.0       0.0        16.0     0.0     0.0       0.0        8.000000    32.0              16.0        16.00000      40.000000           Dawson Knox
     66.6667         2.0       1.0        23.0     0.0     0.0       0.0        8.000000    31.0              16.0        15.50000      80.125000         Jakobi Meyers
    100.0000         1.0       0.0        39.0     0.0     0.0       0.0        2.000000    39.0               2.0        39.00000       5.500000 Cordarrelle Patterson
    100.0000         4.0       0.0        28.0     0.0     1.0       0.0        4.750000    56.0              19.0        14.00000      93.875000       Deebo Samuel Sr
    100.0000         4.0       0.0        22.0     0.0     0.0       0.0        1.750000    38.0               7.0         9.50000      19.285700           Tutu Atwell
    100.0000         1.0       0.0        31.0     0.0     0.0       0.0       13.000000    31.0              13.0        31.00000       5.000000      Daniel Bellinger
    100.0000         6.0       0.0        15.0     0.0     0.0       0.0        2.833330    29.0              17.0         4.83333      59.857100            Josh Downs
    100.0000         5.0       0.0        30.0     0.0     1.0       0.0        2.000000    71.0              10.0        14.20000      81.571400            Mike Evans
     85.7143         6.0       1.0        39.0     0.0     0.0       0.0        3.833330    79.0              23.0        13.16670      15.250000        Pat Freiermuth
    100.0000         7.0       0.0        51.0     0.0     1.0       0.0       11.142900    77.0              78.0        11.00000      25.571400         Derrick Henry
    100.0000         3.0       0.0        27.0     0.0     0.0       0.0        3.666670    48.0              11.0        16.00000      49.250000          Brock Bowers
    100.0000         2.0       0.0        10.0     0.0     0.0       0.0        4.000000    19.0               8.0         9.50000       5.000000          Ashton Dulin
    100.0000         1.0       0.0        17.0     0.0     0.0       0.0        5.000000    17.0               5.0        17.00000       3.625000           Gus Edwards
    100.0000         5.0       0.0        28.0     0.0     0.0       0.0        3.000000    90.0              15.0        18.00000      41.375000         Troy Franklin
    100.0000         5.0       0.0        22.0     0.0     2.0       0.0        2.200000    66.0              11.0        13.20000      43.750000           Cooper Kupp
    100.0000         1.0       0.0         6.0     0.0     0.0       0.0        4.000000     6.0               4.0         6.00000       1.200000         Kendre Miller
    100.0000         3.0       0.0        26.0     0.0     0.0       0.0        3.000000    53.0               9.0        17.66670      70.375000       Brian Thomas Jr
    100.0000         2.0       0.0         6.0     0.0     0.0       0.0        3.500000    12.0               7.0         6.00000       3.500000    Darnell Washington
     50.0000         1.0       1.0        21.0     0.0     0.0       0.0        1.000000    21.0               1.0        21.00000      39.625000          Keon Coleman
     75.0000         6.0       2.0        10.0     0.0     0.0       0.0        6.000000    18.0              36.0         3.00000       8.714290            James Cook
      0.0000         0.0       1.0         0.0     0.0     0.0       0.0        0.000000     0.0               0.0         0.00000      50.625000         Isaiah Likely
    100.0000         4.0       0.0        44.0     0.0     1.0       0.0       18.000000   112.0              72.0        28.00000      76.375000         Ladd McConkey
    100.0000         1.0       0.0        25.0     0.0     0.0       0.0        0.000000    25.0               0.0        25.00000       6.666670       Tyquan Thornton
     80.0000         4.0       1.0        34.0     0.0     0.0       0.0        5.500000    65.0              22.0        16.25000      36.875000        Cedric Tillman
    100.0000         1.0       0.0        69.0     0.0     1.0       0.0       26.000000    69.0              26.0        69.00000      38.714300        Darnell Mooney
     50.0000         1.0       1.0         7.0     0.0     0.0       0.0       11.000000     7.0              11.0         7.00000      13.571400    Kenneth Walker III
    100.0000         1.0       0.0        69.0     0.0     1.0       0.0       48.000000    69.0              48.0        69.00000      26.714300     Parker Washington
    100.0000         4.0       0.0        28.0     0.0     1.0       0.0        2.000000    67.0               8.0        16.75000      50.250000         Ja'Marr Chase
     50.0000         1.0       1.0        13.0     0.0     0.0       0.0        8.000000    13.0               8.0        13.00000      17.125000             KJ Hamler
    100.0000         1.0       0.0         0.0     0.0     0.0       0.0        4.000000    -1.0               4.0        -1.00000      23.000000          Najee Harris
    100.0000         7.0       0.0        68.0     0.0     3.0       0.0       14.285700   259.0             100.0        37.00000     108.571000      Justin Jefferson
    100.0000         3.0       0.0        21.0     0.0     0.0       0.0        0.666667    31.0               2.0        10.33330      66.428600           Jonnu Smith
    100.0000         1.0       0.0        72.0     0.0     1.0       0.0       34.000000    72.0              34.0        72.00000      52.833300            A.J. Brown
    100.0000         1.0       0.0         8.0     0.0     0.0       0.0        5.000000     8.0               5.0         8.00000       4.333330        Gerald Everett
    100.0000         1.0       0.0        18.0     0.0     0.0       0.0       12.000000    18.0              12.0        18.00000      48.333300          Tucker Kraft
    100.0000         4.0       0.0        15.0     0.0     0.0       0.0        1.500000    33.0               6.0         8.25000      49.500000         Khalil Shakir
    100.0000         2.0       0.0        13.0     0.0     0.0       0.0        4.000000    17.0               8.0         8.50000       3.666670   Rhamondre Stevenson
    100.0000         7.0       0.0        20.0     0.0     1.0       0.0        2.428570    53.0              17.0         7.57143      47.714300          Mark Andrews
    100.0000         1.0       0.0        21.0     0.0     0.0       0.0        7.000000    21.0               7.0        21.00000      14.875000        Marquise Brown
    100.0000         2.0       0.0         9.0     0.0     1.0       0.0       10.000000    15.0              20.0         7.50000      21.142900            Nick Chubb
    100.0000         3.0       0.0         6.0     0.0     0.0       0.0        0.666667    12.0               2.0         4.00000      55.714300              DJ Moore
    100.0000         3.0       0.0        44.0     0.0     0.0       0.0        7.666670    59.0              23.0        19.66670      53.857100           Tim Patrick
    100.0000         1.0       0.0        15.0     0.0     0.0       0.0        4.000000    15.0               4.0        15.00000       1.875000            Noah Brown
    100.0000         6.0       0.0        13.0     0.0     1.0       0.0        6.833330    52.0              41.0         8.66667      25.250000          Alvin Kamara
    100.0000         8.0       0.0        24.0     0.0     1.0       0.0        3.500000   125.0              28.0        15.62500      65.375000         George Kittle
     66.6667         2.0       1.0        35.0     0.0     0.0       0.0        8.500000    49.0              17.0        24.50000      38.250000         Joshua Palmer
    100.0000         3.0       0.0        20.0     0.0     0.0       0.0        5.000000    40.0              15.0        13.33330      31.875000           Rashee Rice
     88.8889         8.0       1.0        24.0     0.0     0.0       0.0        4.875000   139.0              39.0        17.37500      47.875000     Amon-Ra St. Brown
    100.0000         1.0       0.0         3.0     0.0     0.0       0.0        1.000000     3.0               1.0         3.00000       0.375000       Charlie Woerner
    100.0000         2.0       0.0        14.0     0.0     0.0       0.0        4.000000    25.0               8.0        12.50000      16.333300        Nelson Agholor
     66.6667         2.0       1.0        16.0     0.0     0.0       0.0        4.500000    25.0               9.0        12.50000      54.166700           Josh Jacobs
    100.0000         7.0       0.0        26.0     0.0     2.0       0.0        0.428571    54.0               3.0         7.71429      52.166700           Jerry Jeudy
    100.0000        10.0       0.0        25.0     0.0     1.0       0.0        9.900000   126.0              99.0        12.60000      88.000000             Cole Kmet
    100.0000         4.0       0.0        23.0     0.0     0.0       0.0        3.500000    57.0              14.0        14.25000      48.833300          Adam Thielen
    100.0000         2.0       0.0        70.0     0.0     2.0       0.0       26.000000    77.0              52.0        38.50000      55.166700          Travis Kelce
    100.0000         2.0       0.0        27.0     0.0     0.0       0.0        4.000000    30.0               8.0        15.00000      72.833300          Malik Nabers
    100.0000         3.0       0.0        71.0     0.0     1.0       0.0       18.333300    87.0              55.0        29.00000      63.500000    Jaxon Smith-Njigba
    100.0000         1.0       0.0         6.0     0.0     0.0       0.0        9.000000     6.0               9.0         6.00000      19.500000         D'Andre Swift
    100.0000         3.0       0.0        11.0     0.0     0.0       0.0        3.000000    25.0               9.0         8.33333      36.750000          Tyler Higbee
    100.0000         2.0       0.0         6.0     0.0     0.0       0.0        0.500000     4.0               1.0         2.00000      48.000000           CeeDee Lamb
    100.0000         3.0       0.0        16.0     0.0     0.0       0.0        7.000000    34.0              21.0        11.33330      53.750000         Tyler Lockett
    100.0000         1.0       0.0         9.0     0.0     0.0       0.0        2.000000     9.0               2.0         9.00000      15.000000         Josh Reynolds
    100.0000         2.0       0.0        46.0     0.0     1.0       0.0       22.500000    55.0              45.0        27.50000      22.625000          Tyjae Spears
    100.0000         4.0       0.0        13.0     0.0     1.0       0.0        2.000000    37.0               8.0         9.25000      19.875000         Jalen Tolbert
    100.0000         1.0       0.0         2.0     0.0     0.0       0.0        3.000000     2.0               3.0         2.00000       0.285714          N'Keal Harry
    100.0000         9.0       0.0        51.0     0.0     3.0       0.0        6.444440   186.0              58.0        20.66670     103.000000           Tyreek Hill
    100.0000         3.0       0.0        27.0     0.0     0.0       0.0        4.000000    63.0              12.0        21.00000      39.142900       DeAndre Hopkins
    100.0000         2.0       0.0        12.0     0.0     0.0       0.0        1.000000    20.0               2.0        10.00000      24.714300      Quentin Johnston
    100.0000         6.0       0.0        19.0     0.0     0.0       0.0        8.833330    79.0              53.0        13.16670      29.375000       Keaton Mitchell
    100.0000         4.0       0.0        32.0     0.0     0.0       0.0       10.250000    84.0              41.0        21.00000      18.000000      David Montgomery
    100.0000         2.0       0.0        29.0     0.0     0.0       0.0       14.000000    45.0              28.0        22.50000      34.714300           David Njoku
    100.0000         1.0       0.0        24.0     0.0     0.0       0.0        3.000000    24.0               3.0        24.00000      11.142900           Jared Wiley
    100.0000         1.0       0.0        16.0     0.0     0.0       0.0       10.000000    16.0              10.0        16.00000      35.285700          Amari Cooper
    100.0000         1.0       0.0        49.0     0.0     0.0       0.0        1.000000    49.0               1.0        49.00000       7.000000          Deonte Harty
    100.0000         5.0       0.0        57.0     0.0     2.0       0.0       13.200000   140.0              66.0        28.00000      35.428600        Dalton Kincaid
    100.0000         4.0       0.0        24.0     0.0     0.0       0.0       10.500000    54.0              42.0        13.50000      32.285700   Christian McCaffrey
    100.0000         4.0       0.0        24.0     0.0     1.0       0.0        4.750000    43.0              19.0        10.75000      37.857100           Rome Odunze
    100.0000         3.0       0.0        12.0     0.0     0.0       0.0        5.666670    28.0              17.0         9.33333      25.142900     Travis Etienne Jr
     66.6667         2.0       1.0        27.0     0.0     1.0       0.0        6.000000    39.0              12.0        19.50000      55.285700           Zay Flowers
    100.0000         5.0       0.0        68.0     0.0     3.0       0.0       15.000000   136.0              75.0        27.20000      65.428600        Dallas Goedert
     50.0000         1.0       1.0        33.0     0.0     0.0       0.0        8.000000    33.0               8.0        33.00000      30.571400           Jayden Reed
    100.0000         1.0       0.0         9.0     0.0     0.0       0.0        8.000000     9.0               8.0         9.00000       7.714290            Tip Reiman
    100.0000         5.0       0.0        24.0     0.0     0.0       0.0        3.400000    75.0              17.0        15.00000      63.571400         Curtis Samuel
    100.0000         1.0       0.0        11.0     0.0     0.0       0.0        0.000000    11.0               0.0        11.00000      15.714300         Justin Watson
    100.0000         5.0       0.0        29.0     0.0     0.0       0.0        5.600000    72.0              28.0        14.40000      68.285700        Isaac Guerendo
    100.0000         1.0       0.0        24.0     0.0     0.0       0.0       22.000000    24.0              22.0        24.00000      46.285700        Xavier Legette
    100.0000         2.0       0.0        35.0     0.0     1.0       0.0        2.000000    39.0               4.0        19.50000     125.571000          D.K. Metcalf
    100.0000         1.0       0.0         0.0     0.0     0.0       0.0        3.000000     0.0               3.0         0.00000       6.142860     Brian Robinson Jr
    100.0000         6.0       0.0        63.0     0.0     1.0       0.0        9.333330   160.0              56.0        26.66670      95.714300        Michael Wilson
    100.0000         2.0       0.0        48.0     0.0     1.0       0.0       12.000000    60.0              24.0        30.00000      89.571400         Xavier Worthy
    100.0000         1.0       0.0        10.0     0.0     1.0       0.0        0.000000    10.0               0.0        10.00000      44.285700         Davante Adams
    100.0000         2.0       0.0        17.0     0.0     0.0       0.0        8.000000    18.0              16.0         9.00000      10.142900          J.K. Dobbins
    100.0000         2.0       0.0        55.0     0.0     0.0       0.0       16.000000    56.0              32.0        28.00000      59.285700           Sam LaPorta
    100.0000         2.0       0.0        15.0     0.0     0.0       0.0        5.000000    21.0              10.0        10.50000      37.000000     Wan'Dale Robinson
    100.0000         3.0       0.0        13.0     0.0     1.0       0.0        1.666670    20.0               5.0         6.66667       9.428570             Zach Ertz
     80.0000         4.0       1.0        12.0     0.0     0.0       0.0        4.250000    34.0              17.0         8.50000      28.000000          Drake London
    100.0000         3.0       0.0        42.0     0.0     1.0       0.0       31.333300    88.0              94.0        29.33330      81.285700             Joe Mixon
     66.6667         2.0       1.0        29.0     0.0     0.0       0.0       13.500000    32.0              27.0        16.00000      64.285700            Kyle Pitts
     66.6667         2.0       1.0        80.0     0.0     2.0       0.0       46.500000   133.0              93.0        66.50000      66.571400      Christian Watson
    100.0000         3.0       0.0         9.0     0.0     0.0       0.0        2.000000    14.0               6.0         4.66667      16.428600         Brandin Cooks
    100.0000         3.0       0.0        17.0     0.0     1.0       0.0        0.666667    31.0               2.0        10.33330      45.857100          Stefon Diggs
     75.0000         3.0       1.0        45.0     0.0     1.0       0.0        7.333330    71.0              22.0        23.66670     103.571000          Hunter Henry
    100.0000         1.0       0.0        14.0     0.0     0.0       0.0        1.000000    14.0               1.0        14.00000       8.428570        Kadarius Toney
    100.0000         1.0       0.0        10.0     0.0     0.0       0.0        1.000000    10.0               1.0        10.00000      49.428600        Kyren Williams
    100.0000         2.0       0.0        15.0     0.0     0.0       0.0        0.500000    16.0               1.0         8.00000      71.571400             Tank Dell
     80.0000         4.0       1.0         9.0     0.0     1.0       0.0        1.500000    21.0               6.0         5.25000      35.000000           Josh Oliver
    100.0000         3.0       0.0        27.0     0.0     1.0       0.0        5.333330    55.0              16.0        18.33330      45.714300           Alec Pierce
     66.6667         2.0       1.0        23.0     0.0     0.0       0.0        1.500000    36.0               3.0        18.00000      75.285700    Michael Pittman Jr
    100.0000         1.0       0.0         4.0     0.0     0.0       0.0        0.000000     4.0               0.0         4.00000       6.428570       Brenton Strange
    100.0000         3.0       0.0         8.0     0.0     0.0       0.0        4.333330    16.0              13.0         5.33333      21.714300       Jonathan Taylor
    100.0000         9.0       0.0        20.0     0.0     2.0       0.0        1.333330    87.0              12.0         9.66667     103.667000        Jordan Addison
    100.0000         1.0       0.0         3.0     0.0     0.0       0.0        1.000000     3.0               1.0         3.00000       5.500000         Tyler Conklin
    100.0000         4.0       0.0        19.0     0.0     0.0       0.0        4.000000    48.0              16.0        12.00000      36.000000        Devin Duvernay
    100.0000         4.0       0.0        10.0     0.0     0.0       0.0        1.500000    26.0               6.0         6.50000      66.333300         Rondale Moore
    100.0000         4.0       0.0        34.0     0.0     0.0       0.0       10.000000    47.0              40.0        11.75000      27.333300          Tony Pollard
    100.0000         7.0       0.0        19.0     0.0     1.0       0.0        2.285710    72.0              16.0        10.28570      35.333300      Luke Schoonmaker
     77.7778         7.0       2.0        40.0     0.0     1.0       0.0        7.142860   143.0              50.0        20.42860      86.500000           Evan Engram
    100.0000         3.0       0.0        21.0     0.0     1.0       0.0        2.666670    34.0               8.0        11.33330      82.625000        Terry McLaurin
    100.0000         2.0       0.0        74.0     0.0     1.0       0.0       27.000000    76.0              54.0        38.00000      86.375000         Jaylen Waddle
    100.0000         1.0       0.0         6.0     0.0     0.0       0.0        6.000000     6.0               6.0         6.00000       4.250000          Jelani Woods
    100.0000         2.0       0.0        10.0     0.0     0.0       0.0        7.000000    15.0              14.0         7.50000       7.250000        Tyler Allgeier
    100.0000         4.0       0.0        40.0     0.0     2.0       0.0        2.500000    95.0              10.0        23.75000      79.625000         Calvin Austin
    100.0000         2.0       0.0        70.0     0.0     2.0       0.0       22.000000    98.0              44.0        49.00000      56.000000          Nico Collins
    100.0000         3.0       0.0        34.0     0.0     1.0       0.0        2.666670    64.0               8.0        21.33330      67.000000          Chris Godwin
    100.0000         6.0       0.0        54.0     0.0     1.0       0.0        8.833330   111.0              53.0        18.50000      94.375000         Chuba Hubbard
     85.7143         6.0       1.0        41.0     0.0     2.0       0.0        7.833330   118.0              47.0        19.66670     100.000000         Luke Musgrave
    100.0000         1.0       0.0         2.0     0.0     0.0       0.0        1.000000     2.0               1.0         2.00000      21.375000         De'Von Achane
    100.0000         2.0       0.0        10.0     0.0     1.0       0.0        0.000000    16.0               0.0         8.00000      49.000000             Noah Fant
    100.0000         2.0       0.0        28.0     0.0     0.0       0.0        2.000000    35.0               4.0        17.50000      45.666700        Elijah Higgins
    100.0000        13.0       0.0        23.0     0.0     3.0       0.0        5.846150   160.0              76.0        12.30770      63.500000       Adonai Mitchell
    100.0000         2.0       0.0        54.0     0.0     1.0       0.0        0.500000    60.0               1.0        30.00000      45.250000      Courtland Sutton
    100.0000         2.0       0.0        19.0     0.0     1.0       0.0        0.000000    28.0               0.0        14.00000      22.625000         Mike Williams
    100.0000         4.0       0.0        15.0     0.0     0.0       0.0        3.000000    23.0              12.0         5.75000      52.571400           Tee Higgins
    100.0000         1.0       0.0         4.0     0.0     0.0       0.0        0.000000     4.0               0.0         4.00000       1.142860          Dalton Keene
    100.0000         1.0       0.0         8.0     0.0     1.0       0.0        0.000000     8.0               0.0         8.00000       9.714290     Chigoziem Okonkwo
    100.0000         3.0       0.0        27.0     0.0     2.0       0.0        0.000000    37.0               0.0        12.33330      28.142900        Bijan Robinson
     85.7143         6.0       1.0        47.0     0.0     2.0       0.0        6.833330   171.0              41.0        28.50000     171.429000      Jameson Williams
    100.0000         1.0       0.0        34.0     0.0     0.0       0.0       10.000000    34.0              10.0        34.00000      67.857100           Romeo Doubs
    100.0000         3.0       0.0        65.0     0.0     2.0       0.0       17.000000    86.0              51.0        28.66670      55.000000           Breece Hall
    100.0000         2.0       0.0        38.0     0.0     1.0       0.0        5.000000    60.0              10.0        30.00000      94.285700          Trey McBride
    100.0000         4.0       0.0        70.0     0.0     2.0       0.0       14.500000   126.0              58.0        31.50000      79.285700           Chris Olave
     90.0000         9.0       1.0        30.0     0.0     2.0       0.0        3.666670   138.0              33.0        15.33330      69.428600         Brandon Aiyuk
    100.0000         1.0       0.0        20.0     0.0     0.0       0.0        0.000000    20.0               0.0        20.00000       4.857140           Mo Alie-Cox
    100.0000         1.0       0.0        18.0     0.0     0.0       0.0        3.000000    18.0               3.0        18.00000      57.285700       Diontae Johnson
     75.0000         3.0       1.0        86.0     0.0     0.0       0.0       28.666700   108.0              86.0        36.00000      31.285700           Aaron Jones
    100.0000         2.0       0.0        21.0     0.0     0.0       0.0        3.500000    33.0               7.0        16.50000      41.142900        Michael Thomas
     83.3333         5.0       1.0        21.0     0.0     0.0       0.0        2.000000    51.0              10.0        10.20000      63.833300        Rashod Bateman
    100.0000         1.0       0.0         2.0     0.0     0.0       0.0        0.000000     2.0               0.0         2.00000       0.333333       Ezekiel Elliott
    100.0000         2.0       0.0        28.0     0.0     0.0       0.0        6.000000    37.0              12.0        18.50000      33.333300          Mike Gesicki
    100.0000         1.0       0.0        37.0     0.0     0.0       0.0       26.000000    37.0              26.0        37.00000       8.000000         Kylen Granson
      0.0000         0.0       1.0         0.0     0.0     0.0       0.0        0.000000     0.0               0.0         0.00000      22.166700         Isiah Pacheco
    100.0000         3.0       0.0        30.0     0.0     0.0       0.0        4.666670    67.0              14.0        22.33330      62.333300        Darius Slayton
    100.0000         3.0       0.0        70.0     0.0     1.0       0.0       17.000000    92.0              51.0        30.66670     107.500000        Garrett Wilson